Na.Cl.SO4.1           0.1	            0	                0.777732056
Na.Cl.SO4.2           0.08                  0.006666667	        0.775228981
Na.Cl.SO4.3           0.06	            0.013333333	        0.771738204
Na.Cl.SO4.4           0.04	            0.02	        0.771755974
Na.Cl.SO4.5           0.02	            0.026666667	        0.769236707
Na.Cl.SO4.6           0.3	            0	                0.708810268
Na.Cl.SO4.7           0.24	            0.02	        0.703930852
Na.Cl.SO4.8           0.18                  0.04	        0.697461115
Na.Cl.SO4.9           0.12	            0.06	        0.692643878
Na.Cl.SO4.10          0.06	            0.08	        0.684715249
Na.Cl.SO4.11          0.5	            0	                0.681396659
Na.Cl.SO4.12          0.4	            0.033333333	        0.673426186
Na.Cl.SO4.13          0.3	            0.066666667	        0.665043419
Na.Cl.SO4.14          0.2                   0.1	                0.657612410
Na.Cl.SO4.15          0.1	            0.133333333	        0.649067704
Na.Cl.SO4.16          1	                    0	                0.657400455
Na.Cl.SO4.17          0.8	            0.066666667	        0.643798559
Na.Cl.SO4.18          0.6	            0.133333333	        0.627191263
Na.Cl.SO4.19          0.4	            0.2	                0.611420506
Na.Cl.SO4.20          0.2	            0.266666667	        0.598260046
Na.Cl.SO4.21          2	                    0	                0.668682565
Na.Cl.SO4.22          1.6	            0.133333333	        0.641741315
Na.Cl.SO4.23          1.2	            0.266666667	        0.612167121
Na.Cl.SO4.24          0.8	            0.4	                0.585962738
Na.Cl.SO4.25          0.4	            0.533333333	        0.558303049
Na.Cl.SO4.26          3	                    0	                0.713723506
Na.Cl.SO4.27          2.4	            0.2	                0.670563639
Na.Cl.SO4.28          1.8	            0.4	                0.628188527
Na.Cl.SO4.29          1.2	            0.6	                0.587773498
Na.Cl.SO4.30          0.6	            0.8	                0.547507408
Na.Cl.SO4.31          4	                    0	                0.782041860
Na.Cl.SO4.32          3.2	            0.266666667	        0.718488796
Na.Cl.SO4.33          2.4	            0.533333333	        0.661149997
Na.Cl.SO4.34          1.6	            0.8	                0.602809378
Na.Cl.SO4.35          0.8                   1.066666667	        0.552458933
Na.Cl.SO4.36          6	                    0	                0.986665630
Na.Cl.SO4.37          4.8	            0.4	                0.870362157
Na.Cl.SO4.38          3.6	            0.8	                0.766125645
Na.Cl.SO4.39          2.4	            1.2	                0.670038874
Na.Cl.SO4.40          1.2	            1.6	                0.625604696
